8.466009134741118991e-02;-1.408852379177121250e-01;1.059424701964088167e-01;-1.992305903786659449e-01;2.638704803883053923e-02;1.901790152592984229e-01;2.198313321207629421e-03;-2.424071576679924789e-01;-2.491643758483621032e-02;1.178869167014389707e-01
1.036524846226164337e-01;8.210544161917849096e-03;4.855142145242970914e-02;6.911271776069760620e-02;-4.397391108951880651e-02;1.042048610539893921e-01;1.075293599628908831e-01;-1.627298949396637218e-01;9.411832946294015900e-02;7.841457811357178953e-03
3.741977536347644573e-02;-8.495937263730858613e-02;-1.070976177851624411e-01;-1.152360551964643626e-01;2.031942227331875461e-01;-5.604763320569877694e-02;1.594843085376222019e-02;9.311813439226550304e-02;-2.909901380247252312e-01;-3.501400291719732882e-01
8.563533836574636904e-02;-1.344189583617138861e-01;9.324035805826745571e-02;8.003253678159685802e-02;-1.225627265188507370e-01;-2.763089801779651244e-01;-1.342692777831397122e-01;-1.019036412486425819e-01;-5.331293247018544651e-02;-1.020346316803616704e-01
8.848511706414764755e-02;-1.668854687143150883e-01;1.006236736591544362e-01;2.397448149722959387e-01;-8.298695020771844344e-02;-1.785433839249603583e-01;4.031236587273044972e-03;2.257475399939082306e-01;2.528400837402894341e-02;-1.317277154216581481e-01
-1.398431887869087675e-01;-1.495310516853918525e-01;-6.024528860515405981e-02;8.474669573508963188e-03;2.011411658771809496e-01;-1.677647982611472632e-01;-1.455766337767134579e-02;-9.472616647682734203e-02;2.399785553491235457e-01;-5.176452375544431106e-02
-1.677410745149670104e-02;2.723134153302309533e-03;-2.840426976255691072e-01;-2.034159744681985071e-01;3.025026099805517288e-01;8.503546279846500855e-03;-1.781936608388304255e-01;1.783604738449406368e-01;1.391811723600811235e-01;2.810582146345607657e-01
1.220430236135816061e-02;-3.001426197487720021e-02;-2.790605748521727825e-01;-1.082841732591107720e-01;-1.232688135987238670e-01;-2.692292314871608944e-02;-5.531167382423654577e-02;1.493615899967012384e-01;5.381144565902562689e-03;-1.633811436435299858e-01
-2.111546373754934203e-02;1.393238807087232856e-01;1.466940462097107885e-02;-1.098260154631300750e-01;-4.621263163472786109e-03;-4.014197538759784606e-02;-1.928515635943681139e-01;7.106238666755237965e-02;1.434905133137173994e-01;1.955656379754337482e-01
1.529762331029668743e-01;-1.361907666805527717e-01;-7.856693458986671597e-02;-1.444580543872442391e-01;1.180247474091575405e-01;1.825468668600428723e-01;-1.306241941836631670e-01;-1.898707024040648117e-01;-1.503751072339741535e-01;-9.584595353512162519e-02
1.361794063039965252e-01;-1.792237993980690947e-01;-1.188608983902244946e-02;-1.476034413771716569e-01;-9.501459848658971863e-02;1.015480517854121106e-01;8.798707799042200517e-02;-3.502839363103485426e-03;1.261311073568774366e-01;-5.004000914375981990e-02
1.056586066097602999e-01;9.953765005401743471e-02;-7.581534387901461836e-02;4.965241524824685893e-02;-1.601217006823439648e-02;1.481714375185856358e-01;1.574197806547923961e-01;-8.038612378573278816e-02;1.542992516644933580e-02;-1.140493866136135653e-01
5.141903020747615183e-03;1.222758475274937778e-01;-9.799807170533103573e-02;8.463917730713015064e-02;6.476274059781961245e-02;2.399164147422287174e-01;-2.177734758164710793e-02;-1.015562455717354956e-01;-2.609579653781923247e-01;-2.287006922085491056e-02
-1.293999332166897130e-02;-5.997043682492742694e-02;2.596634667237002203e-01;-4.351787295420016521e-01;2.028021413645027943e-02;2.448925126472552560e-01;1.830778676950783890e-01;1.176145817979628999e-01;-8.802690834076752624e-02;-5.038411421724694333e-02
1.430748921772695137e-01;-5.509069732082587378e-02;-1.142956115228988823e-01;1.448875412861949930e-01;-8.812422505878798884e-02;-1.869191986286856677e-01;-1.717390505717285021e-01;-2.184471307881456492e-01;7.407474292001313410e-02;1.577500012040425059e-01
-9.380355765492318088e-02;8.754372249877222234e-02;1.393213488548710188e-01;-4.607402777535286181e-02;-1.560471369416771559e-01;-7.078029880024620801e-02;9.320713124139042016e-02;-1.242433324996889826e-01;3.994701648475259409e-02;-9.050326486457728470e-02
-1.446837429851678680e-01;-3.003168500937187374e-02;1.450756096469724699e-01;-2.503820784983626924e-01;-6.005440694758903269e-02;9.870632471751751569e-02;5.555573371364291163e-02;1.459165798637218625e-01;1.801570687502124235e-01;-2.007998754438833078e-01
2.336112760302676561e-01;-1.733083548164925936e-01;-9.494820790033443869e-02;2.827329003991653766e-01;3.043619479929305371e-01;8.771309740514654507e-02;2.195643450032927491e-01;-5.301779106128937102e-02;7.998803161269845211e-03;-7.762142663457584357e-02
-9.753067492592819299e-02;7.468955946570006443e-02;-5.444049884449136262e-02;-2.260202480617262699e-02;-1.762909937334914134e-01;2.733225146159846131e-01;9.012708626507845086e-03;-1.123855176541664058e-01;-1.775395682702893274e-01;5.357908005963714360e-02
3.256567820161456600e-02;4.680829234601811134e-02;-3.345790664992701058e-02;1.083955790768383748e-01;-5.121216890060899946e-02;2.092388745650352599e-01;1.699276598569893770e-01;2.454338899517441719e-01;-3.593314027601813426e-02;-4.020749805577516806e-04
2.112829773085108526e-02;-1.556130170406407331e-01;1.155507067148934391e-01;2.925593664553269302e-02;-1.465572355241371860e-01;-6.280072893152265079e-02;1.908296874694953571e-01;1.887113147944976393e-02;1.124484238548591059e-01;1.631475064596944052e-02
-8.539179972950700082e-02;-4.006074067172053083e-02;-4.414628765361957446e-02;1.582913969282939703e-01;2.211357352654897690e-01;7.047872401021734214e-03;-4.495435161023553922e-02;-2.489892819892010334e-01;-2.130451006316332607e-01;1.395297560614593979e-01
-9.070484706786946516e-02;-1.463100589418442343e-01;-9.230112190876652023e-02;-7.296916691514876430e-02;1.163714482331172778e-01;1.905990432426846182e-01;-9.470130799130041521e-02;-1.617039779709940686e-02;-5.333147482912639625e-02;-1.916670547137850622e-01
-2.036689286335315874e-01;-1.504066474055798797e-01;-1.626807038730500587e-01;1.141934094779591402e-01;-1.303637596786509922e-01;6.428319927444488269e-02;2.624083951556130390e-01;-1.376946863845035784e-01;-1.837326945694707503e-01;-1.476225309553766407e-01
1.569503514164509450e-01;1.195652394255663914e-01;-1.089109329408932403e-01;-6.717095721993916746e-02;-2.489976848543558330e-01;1.124512020532767442e-01;9.793119861803868675e-02;1.010826012397665064e-01;2.645938590484779307e-01;-3.645308175682136775e-02
-2.568514060638206128e-02;2.534419442732511740e-01;-8.406017361202014482e-02;-1.313475687687069293e-01;1.195230568968455448e-01;-4.335504842097718387e-02;-3.829413874251171718e-02;2.850251634850605939e-03;9.768187031734036629e-02;1.256983937367686377e-01
-2.596636885402486272e-01;9.082212183286131335e-02;-2.660072669218387920e-01;-3.742098327288871651e-02;1.683853539267025912e-01;-7.590282764153893913e-02;7.885053751061102401e-02;-2.179188016514858051e-01;2.671992127612817791e-01;-8.488656822937044877e-02
-1.520149655519976162e-01;2.163442385436795123e-01;1.639451830533820986e-01;-5.310614999869811559e-02;9.361524100595930431e-02;-6.066414090959086625e-02;5.414593331636962520e-02;-7.505602097575631015e-02;-1.203187722206116271e-02;1.228106730234258120e-02
-1.752136512224608533e-01;-2.609463008480732982e-01;3.050175783092482287e-02;-2.534888494868706155e-01;-2.079400073867075094e-01;-1.338967553016927603e-01;1.431504039750264301e-01;-2.793113387870607700e-02;-2.526367117235298054e-01;-1.771534663809947174e-01
-9.004436492104705980e-02;-4.634232864838437604e-02;-7.918451900517907427e-02;-2.293733647912261919e-01;-2.076774728112908142e-01;-9.170007991929782221e-02;5.564415757935773504e-02;-4.022020979833781928e-02;-9.123707954538780307e-02;-8.281843686209026945e-02
-2.502380956722934091e-02;2.793083103477935619e-02;-1.200015393082355802e-01;-2.387123470025278860e-01;-9.154355387137552702e-02;2.200054284631312168e-02;2.395598032445399664e-02;8.906574981008806569e-02;-3.032416324980649058e-01;1.439041590162859763e-01
1.927376943106613449e-01;-3.293916816311715651e-02;1.539761797539719590e-01;7.448492296398805113e-02;-5.881271295917037123e-02;-5.399621752756067483e-02;-1.078353064537835582e-01;-2.456361418395683893e-01;-2.029803952295204106e-01;-1.071204247793790115e-01
1.027803900167570672e-01;2.149541639881696331e-01;-1.048547710447118343e-02;2.467633814746133525e-01;2.616380641377351046e-01;-2.595474108060222967e-02;-1.338421057596852204e-01;2.039464247389557727e-01;1.661871186847347359e-01;7.842538786505194592e-02
-1.304102731069146405e-02;-4.451735768957330863e-02;2.529866665577041873e-01;1.833116520295832441e-01;8.685560716001484993e-02;1.405480020405612540e-01;5.931919534028983615e-02;-1.850290520039379535e-02;-1.750894307924858728e-01;8.586509006330367288e-02
-2.065395446616757197e-02;4.444313057718488925e-03;1.442830641055337093e-01;1.828915728658922490e-01;2.051130249382054072e-01;-5.206250471223351078e-02;7.600100388217745535e-03;2.679095838598106669e-02;-1.743535973886619905e-01;1.997783208237008390e-01
-1.717016882359140018e-01;1.899135695314271288e-01;-1.996674341647067339e-03;-5.262974760107053118e-02;-3.546115261218558967e-02;2.441198730252121529e-01;1.281278111330164983e-02;3.105126204566971155e-03;7.832446279320472160e-02;-2.803568079174419969e-01
-7.668203145699591106e-02;9.110532026552400908e-02;-7.140662291579104315e-02;-5.922703002887716450e-02;5.842712163195901143e-02;-1.524307826048276193e-01;9.178000461631993789e-02;1.947889458051821621e-01;6.393734026251240987e-02;1.616699536828334893e-01
2.638525398542548861e-01;1.395632262783843766e-02;3.532502457780986593e-01;-1.299823607449183682e-01;-7.081171662795238131e-02;-3.201619613769899342e-01;-4.226628573479568329e-02;2.977413777117128568e-02;1.693691869675657269e-01;8.767146087707189395e-02
7.917738922122292966e-02;2.191554627955447088e-02;1.882515115906146716e-02;2.006422565209631803e-01;-1.084242793835785840e-01;-1.170916753360276424e-01;-1.260595436085739339e-02;2.792176782468357432e-01;1.744998807324048273e-02;-1.857994130335235139e-01
-1.277187866831419050e-01;5.000482564824391268e-02;4.066630149155510410e-02;-8.062031390809602793e-02;-9.732458337118306269e-02;9.636451071516946576e-02;1.001742068856329854e-01;7.962323276619596990e-02;-1.569457579810528136e-01;-1.214605973747227563e-01
-1.661802367253925883e-01;-4.782671639032634592e-02;-2.238327188446959382e-01;7.073856474527602523e-02;-4.639002519983585066e-02;1.937277188724204624e-01;-1.470476140848042956e-01;1.560652997579946577e-01;-1.892460806041675603e-01;4.838504561372847235e-02
8.994775788008935180e-02;-1.960632585404513406e-01;1.175762053800264856e-01;-1.679099938837245454e-01;2.736671846771353625e-02;1.916198377832826344e-02;2.605587134709282937e-01;2.422213365885053996e-02;2.770437632939359851e-01;5.569487088090292054e-02
-8.415090248713969628e-03;2.078040126984974090e-01;-9.906380123283663186e-02;-9.271458881070052116e-02;-1.281595187434747540e-01;-2.217734594379819069e-01;-1.397099661747585875e-01;8.735469739054603153e-03;-1.337715219356921947e-01;2.864593502736151320e-01
-6.332079998346670791e-02;6.611392248457891030e-02;-2.359870467666014549e-01;4.643245317777754816e-02;-6.754977571725065411e-03;5.043065409060771415e-02;2.110398987463530870e-02;-1.056713776841513297e-01;-1.441133279295999658e-01;3.002370295874902673e-01
-2.654879312238869055e-02;-9.352763586038335963e-02;1.085222150652462858e-01;2.225208938150924354e-01;6.318219054472476795e-03;9.310042972935697603e-02;-7.210208261074217695e-02;3.106999894094428574e-02;-3.792460089754210676e-04;-2.332666810985015993e-01
-1.164472958698445498e-01;1.341702473938704565e-01;1.564674542108880628e-01;1.846021368159003473e-01;2.151507917903736633e-01;-1.603681060548710346e-01;-3.545221968321462525e-01;-8.389502984228869309e-02;-1.900960704988134964e-01;-2.595300341922400500e-02
1.884659552674949612e-01;9.194967270451832875e-02;2.387675293070296578e-01;2.711772770689466205e-01;-1.938042414577307304e-01;1.472628869658907866e-02;1.454156689776120448e-01;-2.505837212161669478e-02;1.560836449411162792e-02;5.599278835778149360e-02
2.541632120113417395e-02;8.489427804342416367e-03;1.997807556564952514e-02;2.889182270263018076e-02;2.164934548758925548e-01;-4.813308167615497346e-02;-1.366789870821424890e-02;-1.101644837599346539e-02;-1.291822150990844242e-01;-3.110335060449975764e-01
-4.736934569182645288e-04;1.872783837627370329e-01;1.618728437715529975e-02;2.621665756382860479e-01;-1.539991377892822033e-01;-3.235277622788221286e-02;8.279156963355900622e-02;4.120007161998389122e-01;5.619926120330725333e-02;-3.220465208066723983e-01
-1.341959600969426236e-01;1.126281060078884455e-01;2.628007772585344570e-02;-5.974998215965239556e-02;1.690390209995316362e-01;-2.640893637490405732e-01;3.890076618932421237e-02;-1.904522171284309395e-01;7.161671945551018048e-02;1.101082524142422414e-01
-6.942122280637411970e-03;-2.886103917923565354e-01;-6.399331398086766098e-02;-1.049953660795510946e-01;-7.351968897555527516e-02;5.295105462083209147e-02;1.529148512969301897e-02;3.942512591676048533e-02;8.633384665504675870e-02;9.955873145022933561e-05
-6.273394708123614105e-02;2.774228655712132063e-01;7.163951633048908085e-02;7.603220843497947301e-02;-9.067523364337189140e-02;4.214381016100545579e-02;1.410124307926165395e-02;1.236685213946650021e-02;-1.337796083819883242e-01;-2.361526152132091549e-01
4.159490510638854527e-02;4.774059516631475042e-02;1.306437454982538882e-01;2.095210788289333381e-01;7.671313813521363212e-02;-7.710641759222611191e-02;2.659340582092057925e-01;4.473635577054719398e-02;2.077352850405819740e-01;3.382112844369147830e-01
6.426270190211465227e-02;1.731073497565617514e-01;2.915972263013387189e-01;-1.361480129859127530e-01;8.986422425675780201e-03;-4.625998529517588720e-02;-9.708698922445331558e-02;-2.199756476908516223e-01;3.104512737787222254e-01;-3.223596387318072853e-02
-6.535492623052815975e-02;-7.050867985928312154e-02;1.948352936288440251e-01;-1.258658173187687801e-01;2.299288911687224213e-01;-1.002640518926748714e-01;-9.523804593221016357e-02;2.503263241874057604e-02;3.501066677709763209e-02;6.236546791620523056e-02
1.208965289073633299e-02;-1.095973697294188795e-02;9.876621298335251653e-02;2.161656754658029117e-02;1.569169240790115882e-01;1.036492309522322186e-01;1.268854881617600960e-01;2.145036047052406025e-01;7.698488034745548658e-02;1.663328716558005738e-01
-1.769298258673892010e-01;1.191955003512000233e-01;6.229005627224781100e-02;8.567284250321664796e-02;-4.513378930481043959e-03;-4.364558582168723971e-02;-2.602970191408119915e-01;-2.559924128861101877e-01;1.651191084661106714e-02;2.062333499624105226e-01
-2.631840991714665678e-01;-1.310667069927369255e-01;-6.166242154146822640e-02;2.074137804772804294e-01;-3.616436368881418423e-02;-1.660856425140064541e-01;1.460087098218279256e-01;-1.643647665772292876e-01;-1.579117423006821674e-01;-3.557392079864431927e-02
-2.756610573481943494e-01;-1.992741269705906315e-01;-6.747804059691606127e-02;2.635282895250555188e-02;2.233808800113503690e-01;-7.806907721971183267e-02;-2.220311937833843452e-01;1.028487590752683450e-01;-1.083193130467947490e-01;-3.789632654166475573e-02
-2.161004442997781771e-01;-1.154228821044900599e-01;-1.248874006174419682e-01;-8.014951555591613708e-02;2.161022716893951923e-01;4.372283104868741194e-02;1.677597393146169347e-01;1.139695468959392444e-01;-1.248966101260192973e-01;-2.175620822858483072e-01
1.813679327247414985e-01;-3.489028718683130637e-02;1.463738685283892393e-01;-1.496595149171006389e-01;9.510739504344105366e-02;2.208459758612305035e-01;2.683154524687805242e-01;-7.959167439664195653e-02;1.832471754821972387e-01;-3.783640526196798554e-02
-1.076760966990085444e-01;2.117259288070852674e-01;-2.029590557017421637e-01;-2.467096833026523675e-02;6.368201406972935630e-02;6.517519134574373610e-03;1.278349270872796706e-01;-4.095839050145498594e-02;-8.300825833716755919e-02;-9.217854374092956937e-02
1.321899833704799632e-01;2.733097715767268676e-01;7.714361490792898124e-02;9.913625020458866066e-02;5.066786417615162276e-03;-1.213007143170767993e-01;-4.039417396621567541e-02;-1.514893725592244278e-01;2.762988341260266267e-01;-1.035048596908513668e-01
2.508790038748686668e-01;3.250116214576218576e-01;8.631163576803876913e-02;2.995450207558862307e-02;4.284980089268976972e-02;4.059723853658217529e-01;2.536850295852867698e-01;2.014934912061974170e-01;1.661983041104020675e-01;2.132951577054321146e-01
1.188919878610962683e-01;-4.859807777730795753e-02;3.218515576464399675e-01;-2.887873479965006457e-02;1.613768790672052700e-01;-8.180131754778874331e-02;1.579250156034824604e-01;-1.302098943707074019e-01;2.442644205584198203e-01;-1.624957902807100396e-01
-2.462055006652020539e-01;-1.766614192729504540e-01;-1.194017429953371512e-01;6.994337448574815264e-02;9.440697677297486606e-04;1.007261010534260953e-01;-5.769930776547043533e-02;-8.936279020584916855e-02;-5.438896987905664920e-02;9.784222321285911128e-02
8.567243883689412698e-02;-3.903626032463106132e-02;9.769110336268265957e-03;-1.641971039479081518e-01;-1.014044672804089858e-01;1.350083810638737225e-01;-2.907912268619814999e-01;8.768182223132209296e-02;2.130560247228575378e-03;6.120341946090514240e-02
1.767272845954274141e-01;2.039344545926788654e-01;-1.249721875126945936e-01;-2.133532934744078111e-02;-2.508505299798672872e-01;-1.872135012338242699e-01;3.115880002960424999e-01;8.596717056506048005e-02;3.368589323575191252e-01;1.901570775106182221e-01
-1.179399608281131023e-01;-4.628034688256653373e-02;1.551358443779559532e-02;-7.778719081773697967e-03;-1.287037787328426663e-01;3.162695953052103992e-02;2.113278335874463620e-01;1.541972115820316735e-01;1.672557984085766558e-01;3.816540086027003786e-02
-1.762932732145864809e-02;-2.491761218210441775e-01;-2.525498130513843531e-01;-2.141043186956868849e-01;-1.879016603670815300e-01;-1.151178637575002578e-01;-1.794180470403377026e-01;-4.466149643070277397e-02;1.392689200969084162e-01;-1.547021100308012820e-01
-4.481349468904641253e-02;-2.362043279574426724e-01;9.833357256094990562e-02;1.034790113114224114e-01;2.062933955711783729e-01;-8.914852209177826989e-03;-1.512656209025018683e-01;6.034925204288333483e-02;-2.534388106052279377e-01;1.733435090487478111e-02
-1.475672253297681258e-01;2.029344003772091121e-01;-1.110333182822039882e-01;-4.778258916398097560e-04;-7.988951224946317861e-03;2.483116768186569012e-01;-6.896801052545985244e-02;-5.233011197922357582e-02;6.981619990169395107e-02;1.362146181503109121e-01
2.105446526884237612e-01;-2.642810735692688873e-01;1.930799869540933411e-01;2.726410393938900611e-01;-2.317946152538430116e-01;4.054671868848578470e-02;-1.261317143200562096e-01;-5.830937813094532254e-03;-4.319745632687940068e-02;6.643570344847989084e-02
1.511684089158225018e-02;1.259378143457484389e-01;1.527070311988719398e-02;-1.197751102633908687e-02;2.669781055964200525e-02;-3.401224505101348161e-02;-3.197492604507884417e-02;1.349362887361830465e-01;2.434485016616632080e-01;-1.784473482810496059e-01
-1.332860237368157508e-01;-1.473149666831981008e-01;6.934040314543896133e-02;-5.636738332309049193e-02;-1.442700240804826485e-02;2.476547179402362742e-01;1.769372384781965069e-01;5.251174762381563554e-02;-9.127894171892304842e-02;-1.351897342674033276e-01
1.362693011504835603e-03;-1.596879345429597918e-01;-1.458435281393935801e-01;1.129917508167704310e-01;-7.875539912993256841e-02;-1.893252565819995847e-01;9.176029583326594102e-03;-1.440425926640405696e-01;-1.224280822379002209e-01;2.279962410266171691e-02
1.212599214835300282e-01;1.629642664846927061e-02;-2.879662468497821287e-02;6.569944856187441562e-02;-1.224354225415977410e-01;-2.452182941730420285e-01;1.384175752927581105e-01;-1.011789834299981344e-01;-4.180370290611918477e-02;6.066036851417751924e-02
5.969793899656890973e-02;1.809757507430524437e-01;-1.676812367322243202e-02;-7.094999347498394393e-02;8.490469186457773321e-02;1.974185210406278757e-01;-3.642559416751828868e-03;-2.961639281938742083e-02;-9.203443556683485460e-02;1.696286355236157062e-01
-4.077912712884220608e-02;6.746727504356347938e-02;2.825835211084016807e-01;2.412340288008469058e-01;6.658609471193845455e-03;2.169304092357984826e-01;6.449670694079295830e-02;1.350574555719886299e-02;-3.914964027045807204e-02;2.010124353304186540e-01
2.789241688845550335e-02;-9.834161788893733269e-02;-2.091663988059041246e-01;-2.709037782687178098e-01;-1.734402015816496612e-01;-1.240721911883338469e-01;1.788946691010510626e-01;-1.289443731965857556e-02;8.814758571376461738e-02;-1.869966168474203883e-01
-2.561274985033439866e-01;-3.256674065514644084e-02;1.827990954061513573e-01;-1.782749281125648455e-01;7.052829241719933695e-02;8.075242230218541983e-02;6.589967914880381916e-02;-1.821658243067480198e-01;1.364010277433770069e-01;-8.331523979544701308e-02
-2.003375992214443124e-01;-1.223190846778770408e-01;-1.819743277967282302e-01;1.605988470270080792e-01;1.091911262402625454e-01;-2.652626456997039806e-01;-1.405639261038053034e-01;-1.534387456463270072e-01;9.706901583378793608e-02;-9.394569338000706427e-02
-1.449083201383696284e-01;3.528287163446613417e-01;-1.034895825133302916e-01;7.531560438555265358e-02;1.582920841873874385e-01;-1.565715991979268751e-01;5.662808776214602654e-04;1.557737034294432443e-01;-6.077349680330849241e-02;1.324765720308864747e-01
3.330299017878072254e-01;1.638893233906749403e-01;-9.834319160206184129e-02;-2.278907508199641829e-01;-4.655908521087642749e-02;-1.732462640155082445e-01;2.141849859364347922e-02;-2.258944928414743231e-02;-2.225860747220144709e-01;1.882413109440832233e-01
2.806732376301673271e-01;1.367685467007765387e-01;-2.806643079546067635e-02;1.208841847171358008e-01;2.088105056998111886e-01;2.958174945204151279e-02;1.947613299073227000e-01;6.221360596620851419e-02;-6.725214691800682210e-02;-4.053696703022646730e-02
-2.076141120941920881e-01;2.116162671226929082e-01;2.856017079108922330e-01;1.507909391862950199e-01;-1.947725321551118105e-01;-3.192327377575436553e-02;-2.705522698245912405e-01;-2.276741642338400151e-01;1.875251490066733376e-02;8.038745968331081904e-02
7.313930017093539515e-02;-7.654274388073471769e-02;2.970749257465988766e-02;-1.655671769231039370e-01;-1.296756420191307914e-02;1.977412887522964091e-04;9.119792592626423111e-02;-4.344704821394586997e-02;-1.995255687345560691e-01;-5.853813385766763050e-02
1.924067819308581118e-01;3.740616854519136086e-02;1.463562358914355099e-01;-5.478779717431295909e-02;2.383093188321238065e-01;-2.012247285991421719e-01;1.028530131710339024e-01;5.011921597405984835e-03;-1.407014789405320876e-01;-3.659293605435576767e-03
2.881893977698507525e-02;1.524562366057468366e-01;1.476139883522306628e-01;-3.880171940194386548e-02;1.261509412253536133e-01;-1.672205658685729790e-01;-1.305913777824650179e-01;-2.799993688230424937e-01;-1.525817208972612415e-01;3.738599168325513339e-02
1.252074452883055189e-01;2.841508949059810829e-02;-4.110071429470187748e-02;-1.413855152222488754e-01;-2.079990545376696198e-01;1.479373172693677907e-01;-3.031255265890178338e-02;8.190002929495705797e-02;-8.439407912065106931e-03;1.365906136689036821e-01
-4.743640207414835663e-02;-3.104508907236681534e-02;-3.531603924679120321e-01;-4.919197008888432504e-02;-1.819144363233340111e-01;-1.376402329318515000e-02;-1.106156628270032471e-01;-1.741366073652920662e-02;2.823136238709654244e-01;-1.475665386278895985e-01
-6.098697438417169381e-02;8.100920696125982201e-02;-1.659213848504659528e-01;2.146267633280144471e-01;6.023818334364271915e-02;-6.989700070191756653e-02;1.930976895885843092e-01;2.115226548237950921e-01;4.227565080513467216e-02;1.056026285963324735e-01
-2.852324546268110092e-02;1.515187296559002139e-01;8.600591738987709012e-02;-2.354284258787449069e-01;4.790396404139518616e-02;-1.342136665664256934e-01;-1.314355386349938815e-01;1.536743793217887066e-01;7.029411943801676388e-02;8.170665312961070126e-02
1.094202867769668124e-02;1.563996647547483089e-03;-1.514054165332603119e-01;-1.405081743787193194e-01;-1.559452260138652624e-01;1.019647796388900018e-01;7.888622675619379188e-02;-1.845106635642449755e-01;-7.784111445561432696e-02;2.206015190155226624e-01
-2.318866555731575463e-01;-3.597675294119135475e-02;1.870828873684479976e-01;3.923031605976180086e-02;-1.940710969759508187e-01;5.758253265036373386e-02;-2.709160385027672424e-01;-6.501241316228922873e-02;-4.987844996927955077e-02;3.427633489512901810e-01
8.224595120522812386e-02;-1.080069681727034436e-01;-8.831420489384908534e-02;-8.726888534782693829e-02;3.005154777536100247e-02;-2.025440172095632069e-02;1.802610222090876291e-01;-2.218828736985547778e-01;4.054641931332117651e-03;1.379687896715909579e-01
5.378812048193024054e-02;-9.494229510711701958e-02;-2.831344614773492752e-01;-1.076541093666699145e-01;-2.554442731256758581e-01;-2.482033407597448449e-01;-1.640930348298939856e-02;-2.153747378692130454e-01;-9.084384350829539934e-02;-8.166325767364295690e-03
8.932601294661562941e-02;2.747993390136139191e-01;-2.384039844070971748e-01;-6.916747220036073562e-02;1.672444177422186262e-01;1.235420150626202404e-02;7.822064843595878669e-02;4.886180681583526808e-02;-1.052045692336824462e-01;5.283394830102004086e-02
1.155144358169912511e-01;-2.138189263580795307e-01;-9.056867251398116603e-02;-2.886806813949826522e-01;-1.966616454968819067e-02;-9.104407215693058331e-02;-2.008131895386337795e-02;-1.779448769206503078e-01;3.928748963432372732e-02;-3.222091340267781157e-02
3.686556460299699189e-01;6.666820559686589820e-02;2.356617133910120926e-02;-6.466892360605865087e-02;-1.450662560806993961e-01;-1.786378145630346803e-01;1.685637686589942785e-01;2.199186273924467472e-01;1.252249322494887185e-01;-1.105349945017973928e-01
-5.607439830076600684e-02;4.816611973258574930e-02;-2.104311941561057553e-01;5.825325126461865927e-02;1.812271710961667059e-01;-5.394523899577713388e-02;-3.012133354993163370e-01;1.288853927778581959e-02;2.676166255382794179e-01;-9.097116782200521945e-02
2.555470295512463075e-02;3.319668765251812537e-01;1.413507279128860816e-01;8.927639181420496395e-02;-2.726493394612625968e-03;6.274469362829172836e-02;1.346539305280940180e-01;-1.934015330283567202e-01;2.575548778660438631e-01;1.610723539124184478e-01
7.092582382697956711e-02;3.724962028249232445e-03;1.235625303970697975e-01;2.765264809271626434e-01;1.808967404019175551e-01;-8.596965684070460856e-02;1.531681547116766351e-01;-1.929022141666719148e-01;5.997037752270532873e-02;1.135717809577217602e-01
-2.652107543870320730e-02;8.306577879368369499e-02;1.625319683367021373e-01;2.303184390049832220e-01;-1.744874437519821492e-02;-2.385273251277395534e-01;-2.035088917694170829e-01;2.053444919844405261e-02;-1.718664364089207974e-01;7.404630323400585024e-02
-6.932103152414494096e-02;9.005842736399168047e-02;3.468945150073210471e-02;-1.013083851343088981e-01;-4.197650390132286885e-02;5.412404558987359005e-02;-1.166394614832429698e-02;2.341496485264951341e-02;-4.907178025219759154e-02;-8.118006644677616679e-02
2.306265546897418028e-01;7.226669310272836044e-02;1.956400329055280399e-02;9.227432560519090166e-02;-1.733188440342231518e-02;-3.817169967988730955e-02;-7.608767327330615005e-02;-1.848576597858219706e-01;3.929950295741138633e-02;-1.762829976220581241e-01
1.774704967318784798e-01;1.468966584533093478e-01;-1.753374939530860654e-01;6.866012183605606223e-02;-7.772460952567128434e-02;1.238414349492219235e-01;9.835209479052604842e-02;1.393651145613754305e-01;1.670310522329863101e-01;-1.496820424348111189e-01
1.456475063971779393e-01;1.351457388032439588e-01;-7.740855303423488376e-02;3.795206540124447803e-01;-1.301589756450842461e-02;1.621767456815645936e-01;6.003286766859534246e-02;-1.623470772620890998e-02;-5.965729745447050092e-02;-7.952222172478119744e-02
-4.577580454183124287e-02;-2.569969231345016203e-01;6.883688631470195884e-02;2.146009950470092464e-01;-3.789501477380250588e-02;-1.416199877140515749e-03;-6.063898597281866185e-03;-2.162655641160109860e-02;-1.226111053593390010e-01;-1.955370918112010192e-01
3.127755199163149286e-02;1.304986668487787826e-01;-3.303953879525403647e-01;-4.219239830115092960e-02;7.158475666437015550e-02;-1.273539496648278257e-01;-2.701644750035733233e-01;-1.274037446894153436e-01;7.419362038883913976e-03;1.639803102014946723e-01
4.419223204758591234e-02;8.550858900030672283e-02;1.742397439028436912e-02;4.514980013221629035e-02;3.167490535469782986e-01;-2.618352493229569866e-01;1.417833036970776173e-01;1.387547216413707596e-01;-1.236075059817279415e-01;-1.329648150993686384e-01
2.724416089650955053e-02;1.714418297754652376e-01;-5.768163182727890914e-02;-1.611109864518437684e-01;-2.821731686616368306e-01;-1.484841741297234508e-01;9.254887168849432189e-02;-3.171450205415233398e-02;-1.163045135029077554e-01;-1.435861282692670604e-01
2.663312405371481284e-01;1.699675710219764879e-01;1.586554396507336429e-01;1.481808994387545653e-01;-7.681914729207849069e-02;1.628357980002459460e-01;2.094679497676762980e-01;1.999328553765158389e-01;1.119645935586097291e-01;1.959738099260819322e-01
2.050005198417294283e-01;-1.680178340135735429e-02;7.300866342776224371e-02;9.900405398711963068e-02;-1.496065950431101355e-01;1.310717338158044476e-01;1.572754029484479399e-01;-1.320763626117553609e-03;1.470488295451622407e-01;-1.309192750536237460e-01
-5.782669005613012836e-02;-1.192595439017688497e-01;-6.258090885288951355e-02;-1.018623181232226199e-01;-2.040015230256188999e-02;-4.857196099673587175e-02;1.750556437468335502e-01;8.296722493564509873e-03;-3.164924140484201912e-03;1.950954701461864171e-02
3.698956041317690707e-02;2.169082554268866869e-01;-1.929329765057335166e-01;1.621891068187611695e-01;1.407751172906329118e-01;-1.389142225858783566e-02;8.550001991510019703e-03;5.400482304208158862e-02;3.097836142475928756e-01;-1.378991578067651491e-01
-4.770598736393900224e-02;-9.254703864442088979e-02;-2.919087749996615577e-02;-1.960715663467369752e-01;8.490591043239341384e-02;4.026994194374973468e-03;1.173925169876428309e-01;6.258395802453834214e-03;2.549771518812306015e-01;2.283584979176708774e-02
-6.538636724445304194e-02;-1.717002787467785674e-01;2.416281596347192862e-01;-1.366066085406036912e-01;-1.011621779257476511e-01;-2.417105352217392145e-01;-1.520938327704904613e-01;1.680133092754965696e-01;-7.612377449481615155e-02;-8.582543336667750045e-02
1.897967655918597896e-01;1.081558344917001452e-01;-2.995830748465022966e-02;-8.663702555496342883e-02;1.390304543883274235e-01;6.095236373271200464e-02;-5.005731894160920376e-02;1.689095388218075922e-01;-3.551961025075078826e-02;1.111115688800475287e-01
4.524657037963937534e-02;2.354236783476152117e-01;-1.327878597646728054e-01;8.974857011470523116e-02;-2.784570771041213200e-01;1.094737514432034126e-01;7.307167191606500634e-02;-4.308315448560742777e-02;-1.627724812388003650e-01;-1.680448840418978518e-01
2.382406065161435729e-02;4.597963045558849798e-02;-2.579338521882972718e-02;-1.380448510885523283e-01;1.371059322273548813e-02;5.098672142866787771e-02;-7.161666999412376333e-03;1.067570391362182847e-01;1.208216800441875849e-01;1.891910285718236551e-01
-4.974337362866393386e-02;3.430510369129385201e-02;-3.211397246200902583e-02;-2.151342218029470565e-01;-1.246026359892525304e-01;-1.506445236032738222e-01;-1.627281978650051419e-01;5.397517447751377234e-02;2.661842045525322428e-02;-3.655775499778618487e-02
5.875072865367277769e-02;-1.492587751358352144e-01;1.617952655262955008e-01;-7.618889291955516230e-02;5.272035450588415800e-02;1.456402216362017166e-01;-7.644250324513207628e-02;1.040953367434451493e-01;3.284916654160600913e-02;1.552181592239675612e-01
6.598172936005781974e-02;1.155156349740261122e-03;-1.324428269993402352e-01;8.491138047488373808e-02;-6.856056163226141587e-02;1.157609399322824945e-01;1.551470897411220407e-01;9.697038985384343057e-02;1.565162285608059090e-01;-2.539998418066900798e-02
-9.676583907752234204e-02;-1.927391188688657442e-01;-2.117376357183219926e-01;2.513042702214418056e-01;-1.456314672089326079e-01;1.120954067937419280e-01;1.216953316008645009e-01;-1.526864285264667442e-01;-1.288961413056716188e-01;-1.467732561048537554e-01
1.858557014090123360e-01;-7.315884344970643993e-02;-5.817615333318035264e-02;-1.463664436438784078e-01;1.063495777182032337e-01;6.498832398445270053e-02;2.008636685182720039e-01;-1.450249549556544872e-02;-9.627387162836049950e-02;8.974915756997611793e-02
1.752543011335875589e-01;-2.027629249567819703e-01;-1.606643986191199636e-01;7.313127902656318957e-02;-1.118328474192141764e-01;7.601215863788884919e-02;1.010354825130936433e-02;1.336024267256772369e-01;5.723128894985608089e-02;2.192128411161424484e-01
-1.803699979391576447e-01;1.204539093303868061e-02;1.443353968858351877e-01;5.770127828369062822e-02;9.147624744972987498e-02;1.883249551484942816e-02;2.574468749884704089e-01;-9.314588135610943342e-02;1.396930707926783040e-02;9.491349506519322632e-02
-7.147549908566569465e-02;3.578543553834240276e-02;1.720171430953133518e-01;1.543838801590608767e-01;-2.795407343526954413e-01;1.678865590395224039e-01;5.403621287194183831e-02;3.909689817638917209e-02;1.039792310589411212e-01;9.328463623855251519e-02
6.049218408066256436e-02;1.963677062902569603e-01;5.153592154578917617e-02;-7.806185386046182728e-02;2.188911537664806617e-01;-9.289032717396335237e-02;-1.194910394892125111e-01;7.981774820224096789e-02;1.488169024822666719e-01;-1.418142179005352499e-01
2.086281806087326440e-01;3.400833575916271667e-01;1.071261050014248734e-02;-1.658764216927661739e-01;-4.902922948885920368e-02;-1.211950885524167854e-01;-4.234092402929755944e-02;2.073962675355081331e-01;9.054329426389308433e-02;1.080570765622125562e-01
-5.836153452055089369e-02;2.921523025443630711e-02;-2.053273368337743543e-02;-9.876731531261828678e-02;1.012692416843980897e-01;-3.780585229545312814e-02;-1.618872653352124436e-01;-1.499432715252401738e-01;-3.464229205568140901e-02;1.687775255381532974e-02
1.679410239109443148e-01;1.381521921986892110e-01;-1.136126498575118632e-01;1.603842302900007344e-01;-6.872693897219464554e-03;-3.081994916688850505e-01;-1.470404651226301374e-01;-1.900543410976355541e-01;-6.401890751931640520e-05;1.129908638343491145e-01
-1.582160978796887940e-01;-1.498357947621646313e-01;-1.199446218921102758e-01;7.119120575180472310e-03;-2.358768417009941137e-02;6.848176611461780083e-02;2.850927503927663462e-02;-2.482878207937071757e-01;9.294186664695891498e-02;2.313369798253703952e-02
5.644473641589604213e-02;-1.425480898441437716e-01;-2.328805002427369597e-01;1.065978691845395343e-01;1.148600311900506710e-01;6.498401724823109349e-02;1.422575085380656801e-01;-7.881672879421194877e-02;7.988436137553392435e-02;9.580786902057825127e-02
-9.156374889120821869e-02;-2.295922155853100388e-01;-1.484112080983104320e-01;-2.984950877099964983e-02;-3.243515190403044313e-02;1.181184579113912225e-01;3.902691475804176413e-01;-4.379776288299807446e-02;2.053976402644717147e-01;-1.428432092464111403e-01
-4.719062180396058764e-02;-2.482878629750281119e-01;8.774745743839405809e-02;-1.326018787896193762e-01;-1.001562763647781407e-01;5.482326584926223295e-02;4.099196821440655170e-02;-2.201978328393735251e-01;-1.456561266325201165e-01;-6.737482564997097217e-03
1.128251574593729240e-01;1.222278698652652373e-01;-2.421213718184781760e-01;-1.524280016388309122e-01;-1.626099470905724154e-01;-1.066013357986796833e-01;-2.413664557007801428e-02;7.061911045532982822e-02;1.006726840060729322e-01;-2.389889544563500445e-01
1.350272125100644011e-02;1.432725752600740310e-01;-3.005622881479654354e-02;1.380518361912541070e-01;-5.899863638643985941e-02;-1.365086975329755925e-02;4.737692408729320820e-02;1.114933565646574337e-01;6.599482080763066638e-02;-1.430073180022441715e-01
1.725851785702911534e-01;1.172757111295323063e-01;-1.103032309519724058e-01;-4.768825082697282502e-02;1.559021290488628031e-01;-4.242974707843857191e-02;4.914859726472638191e-02;-1.614828296240768471e-02;-2.184441792096052659e-01;-4.399766938608005301e-02
-2.674825333133268312e-01;9.217876993744595140e-03;-8.117760798412912426e-02;7.231693006346782970e-02;-1.225308004235258902e-01;1.726535092322148135e-01;1.829393286211316583e-01;1.199236740614763597e-01;-5.013022337879072254e-02;1.474578455283556133e-01
-3.528989850504281973e-04;-1.194039651872494390e-01;-1.697417146165434432e-01;1.555330821505482852e-01;1.330576957686308848e-01;-2.379544790848205360e-01;7.930429689650331238e-02;-2.343416276577644022e-02;-1.991160708381673611e-02;-4.978456435927471058e-02
2.041984392964746042e-01;1.166022867701171084e-01;-2.063382870627450127e-01;7.418881595532461626e-02;-1.532282593599275378e-01;1.547738709176574856e-01;-5.894110210470328293e-02;-1.770498689807296910e-01;5.404503772374485981e-02;1.036279652852408334e-01
-1.660770287602738593e-01;4.490688678103169768e-02;1.203354284900943205e-01;-3.647365563183297410e-01;-8.561800250055322248e-02;-2.085271966475281957e-01;-1.377242820958871350e-01;7.236744640875117374e-02;2.463192300575555230e-02;-3.077419570085828116e-01
-5.924776407416222634e-02;9.515700881498898034e-02;5.165777168825455568e-02;2.686245071715090971e-01;1.521726936387818585e-01;-1.748602306104833359e-01;1.954243399019525984e-01;1.572106121052253003e-01;-9.815131143847634701e-03;1.517993873627421497e-01
2.211309354396712168e-02;-6.538403803228499955e-02;1.113745579596227692e-01;1.970306433783104022e-02;1.690663555589589639e-01;3.271868662582678305e-02;9.133788847854781845e-02;-9.762038304077182149e-02;8.806390888972370767e-02;2.191940184409018055e-01
2.259070118977070385e-01;-2.928307776924672368e-01;-2.480770291795042215e-01;1.312321701366889193e-01;-1.880114916121950266e-02;3.709749474851483514e-02;-2.439078228401207749e-01;-1.789634890202007611e-01;8.384880690732490760e-02;-1.099568506937508849e-01
1.661489420653303462e-01;1.447832507153270221e-01;2.562962862467977887e-01;-6.871390112297866282e-02;1.226982058120635044e-01;-2.702526207190297097e-02;5.795343331270808029e-02;-3.890586836210099125e-02;2.521632140104536624e-01;-2.219934177376108320e-01
-8.314215128510558939e-02;2.418025156115590490e-01;1.962428770479257012e-01;-6.947268299752730469e-02;9.603253115649777044e-03;-2.231372778464404127e-01;1.235045163071658708e-01;-8.820592379749375711e-02;-1.718163931875169859e-01;-2.044924981464775748e-01
3.998573261875903312e-02;-2.016404746468129436e-02;-2.217919525051679219e-01;9.943871261353764979e-02;-4.259457958597542837e-02;-1.660071045921884467e-02;-3.497250364886294455e-02;-2.424802890542132605e-01;1.670248215100970102e-01;-1.592617093051672816e-01
-5.589953020613439016e-02;6.366205752493281659e-04;7.345509607778695493e-03;4.324931522202223044e-02;2.345618206675581796e-01;1.563021378662514949e-01;2.568425304941280296e-01;-2.974703876175404521e-02;-1.819862633217513570e-01;-1.715897145953011182e-01
-1.851678326615446568e-01;-5.182168837695962788e-02;-3.383982924386109703e-01;7.768621508404764675e-02;5.714001186739778824e-03;1.003870780040607702e-01;-1.537475160577791711e-01;-3.367173141033444339e-02;1.544168670921304276e-01;1.552811051340739767e-01
-5.824272713652099698e-02;-3.006350563842742976e-03;1.036914297904384524e-01;4.864978648493036711e-02;-1.893574206476490440e-01;2.049254793003948624e-02;1.462609695740133831e-01;-8.396757527502253515e-02;1.175394786665432956e-01;1.202816307134216833e-01
-1.708005194153546513e-01;2.132655138918522833e-02;1.383153763260537850e-01;-8.768091714950099202e-02;-9.081889820511755695e-02;-7.181876866427473749e-02;3.672961195233779425e-02;-2.133506389753739851e-01;-2.574375577765061762e-01;-2.673340881069409813e-01
-2.578633492350170253e-01;1.786466159307665835e-01;9.142491723803557180e-02;-1.047338226429919694e-01;-7.583172828357034011e-03;-1.518136866699303644e-01;1.532749162358499617e-01;-3.239405919933700112e-02;-1.303988082980318819e-01;1.145885180961308536e-01
-1.371961414241237853e-01;-3.010438442894506142e-02;7.811421758649324254e-02;3.570474313231736252e-02;-2.767234395101008104e-01;-1.465305266831995190e-01;5.675477335707573845e-02;-1.189928358512877399e-01;-1.453591016958376281e-01;-4.965838447965258834e-02
2.276967386612787358e-01;-1.101677136855618855e-01;-2.252254021225979785e-01;-1.434997848431755936e-02;1.491050066755311432e-01;-1.031636940519995022e-01;3.678614725697050558e-02;1.802935498203625808e-01;-5.322340082200914535e-03;-5.907577792692192929e-03
-4.899833727357578994e-02;2.260985952330948345e-01;1.684563963811032405e-01;1.637635918186703954e-01;8.661192950448313999e-02;-1.842349142557420660e-01;1.381312013720609744e-01;-2.376417856432871956e-01;9.692477592094972394e-02;-2.435546321851771445e-01
-2.373595997381522937e-01;1.579480928789721017e-01;-8.955261189240984465e-02;-2.832670144467265561e-02;-2.751900862697460037e-01;3.806812730449252863e-02;1.200901486368608634e-01;1.826991411467435711e-01;-2.569634826291393725e-01;1.117472750875266457e-01
2.833365932373497764e-01;2.270922883643594348e-01;2.583684849826488605e-01;2.554252367344939101e-01;1.483722485546770664e-01;1.695233586091803579e-01;5.277118552998800310e-03;1.327804252405265506e-01;-1.423829174133477427e-01;8.140594604442677462e-03
-2.708812395805142506e-02;-1.342437778459154574e-01;-4.413848645132227577e-02;3.538057287486054414e-02;1.660462585598445617e-01;-9.122387698746503570e-02;1.293333833103023633e-01;4.837432790091369256e-02;4.963316679727701464e-02;1.453680116018393198e-01
-2.512397131982924831e-02;2.078744370973692190e-01;4.816387447677368538e-02;-5.136213295300350729e-02;1.631675593301658567e-01;1.240434207642339415e-01;1.644435938138766318e-01;-6.377580258894832710e-02;-9.849588544957775527e-02;-3.917145083302673442e-02
-7.629461522533570461e-02;-1.627499287925997795e-01;-1.578312902213177826e-01;-5.519616739585918308e-02;6.535178279818254499e-02;3.837892555969307784e-02;-3.663762955745245020e-02;-1.848804875014470050e-01;5.205079148786960486e-02;3.455779381933514471e-02
-3.037571408534902109e-02;-1.588673025897350266e-01;-1.338240130501898162e-01;1.128408161996121289e-01;4.691719915777448069e-02;-7.415387108784554995e-03;1.147828404538010494e-01;1.789671325920565159e-02;-9.845491353308350943e-03;1.459900130518343997e-01
1.199364696537403019e-01;-8.831361621964003983e-03;-6.501321136301325965e-02;-4.337673798178730972e-02;5.745992534362318743e-02;3.566349112984926878e-02;-2.512987361229421790e-01;1.325959224222525434e-01;8.409447027961874932e-02;-2.284211023692573339e-01
8.869886256972270289e-02;-3.341889412825269079e-01;-1.349380886707642058e-01;-7.383402812956753325e-02;-1.073590077668640785e-01;-2.619664781692238043e-01;-1.553426043573813420e-01;1.014517525545141213e-01;2.725585142174177244e-01;4.825236147758379252e-02
-3.045135029408149174e-01;6.241347317099437547e-02;1.816873661388891670e-01;1.257915473495413994e-01;7.484467167198718962e-02;-1.421194527140532023e-02;5.326149408738337088e-02;1.165893629022754646e-01;1.374572596168169014e-01;1.222680427260847275e-01
-1.356688093264934725e-01;7.028267643252812669e-02;-2.509535761305946647e-02;7.929101569706148434e-02;1.823671082718368308e-01;2.175693447511592785e-02;-4.422792492741014353e-02;-2.023712557371610821e-01;-6.565805885412571985e-02;-5.952566913792362024e-02
7.393389084138424217e-02;-1.617347630089189803e-01;8.146595095588152202e-02;7.714804429759999915e-02;-4.936327933157984293e-02;-2.195916520743300404e-01;4.932890447206807194e-02;1.978324070935746082e-01;1.626582809608818347e-01;-3.123110595638617371e-01
8.848323310977745937e-02;8.917678027570448418e-02;-1.134809278365428997e-01;-2.774777209674959000e-01;9.363616934489184251e-02;-1.543500721644924280e-02;-2.040295021075296811e-01;-9.790395646302055277e-02;2.773765302090384632e-01;1.650274862416565777e-02
3.973273141329997094e-02;1.926099115927837335e-02;-2.858447425884746290e-02;5.341716647464274381e-02;-7.473207836484274669e-02;-1.896537669445194085e-01;-4.760729687751637240e-02;1.428435343819477454e-01;-2.148919431768370192e-01;1.962913714404477816e-01
9.999566740492923933e-02;2.688590134189637881e-01;-6.573673513621072773e-02;-2.115381169797390104e-01;-1.124260089319898820e-01;1.554593499526415179e-01;1.760997351276026319e-03;-3.409642145449849338e-01;9.088305623531046928e-02;-1.357825122590416156e-01
1.940807818485892899e-01;-4.719800037454562058e-02;8.910295073896333518e-02;3.366229964098829130e-01;4.344387226852396144e-02;2.879472222448529184e-01;3.171782693335215009e-01;1.250764065332360675e-01;1.489685531552441267e-01;6.837632966070097962e-02
-1.802444119971636227e-01;-1.119907542962654129e-01;4.808717285102095257e-03;-1.007035181272717961e-01;-2.025755860992618229e-01;-2.427249136464463830e-01;2.646602340019474364e-01;6.811890290673743020e-02;8.210806362744370313e-02;2.310143685721625650e-01
2.469409495549980751e-02;-3.241240251095202085e-01;1.479766423261038577e-01;-7.883729522290870706e-02;-1.126150716097677196e-01;-1.775585990618356036e-01;-3.509269469427619970e-02;-9.770260345703753180e-02;-2.963198659551667946e-01;5.257727432039580040e-02
-2.247871692356806506e-01;1.437910625455317837e-01;-9.121837456303981406e-02;1.996097013724900116e-01;-1.493739207009147085e-01;2.175163182246855065e-01;1.031044400351053825e-01;-2.121221595930855852e-01;1.949309617668185668e-01;2.467489553644412192e-01
5.838378785417149691e-02;-2.294330988356927947e-01;2.929767450826169586e-02;3.816508360661707844e-02;-2.274100127903676966e-02;-9.448583255267360703e-02;-2.542681176148538502e-01;-1.767343987538093700e-02;-9.662631171713967349e-02;1.689975589799183608e-01
-2.264962304215312472e-01;-2.216106874851626575e-05;-1.607863551446354622e-01;-1.706991527009517895e-01;-9.878357834799600390e-02;-3.092970723374516284e-01;-1.202518152803510286e-02;-2.941770519347095686e-02;-4.954512955146710140e-02;-1.020306927469016335e-02
7.713295456309339493e-02;-6.796661800296212308e-02;-1.255880767903020667e-01;1.977603222656305615e-01;4.166173129268464087e-02;5.681676675477501104e-02;-1.336173900761269961e-01;3.964724075461521086e-02;4.845847606311804584e-02;-2.305434728528299171e-01
-9.964158455486382682e-02;-4.619702913526677751e-02;9.628866662814626609e-02;-7.797745176062860495e-02;1.656738641273883816e-01;1.029727309024594251e-01;-2.769344394230344730e-01;-3.422935075751084438e-02;1.115824180236164309e-01;-5.535844468215343067e-02
1.225683244084777024e-01;-1.610528475947658328e-02;1.075979329204686807e-01;-4.592027544687807272e-03;-1.339672945015210614e-01;1.746765099330206683e-01;-1.439396772896019139e-01;1.664777543335187876e-02;-5.159959086585927390e-02;-1.511960346650302600e-01
8.806763968218167538e-02;2.411195598728390482e-02;2.254134865662251602e-02;-6.909664214180910591e-02;1.514185416277417373e-01;-8.272963754533908809e-03;8.098019399817298070e-02;2.244642159754437760e-01;5.531169064164042498e-02;-9.779743248577897619e-02
-1.393152022746034502e-01;4.248370962736824213e-02;-2.162264881660665161e-01;-1.922453014494007462e-01;-1.966119767987589001e-02;-7.537702118639330595e-02;9.124594000417241002e-02;1.374140990956495070e-02;-1.366531128681908180e-01;-2.844181920887296489e-01
2.041963353547187818e-02;1.734437381352968988e-01;-2.028539676753189358e-01;-1.314063547459950188e-01;-1.946688795373923697e-01;9.979709336350864324e-02;-2.259936986393469016e-01;5.172449759225511423e-02;-1.299280302943765231e-01;1.760150539346334031e-01
-5.552269500223992044e-02;-8.493256898188658588e-02;-1.213929773279215363e-01;-1.514109357517999521e-01;-1.184222316968650546e-01;-3.755537691991007315e-02;-2.157261712262938114e-01;1.520531738981194814e-01;1.654212135233002964e-02;4.971475756164087101e-02
1.071147811384172560e-01;-3.787853430333878446e-01;-1.004626284664218543e-02;-9.165094228208935101e-02;-1.054675753962849294e-01;3.249222030243001380e-02;-1.002969264878201261e-01;-1.189079697935887525e-01;-4.873020069308937191e-02;1.556571708665322948e-02
1.021884827011708130e-01;1.807771081978903557e-02;7.684504129056243804e-02;-6.044403854266854059e-02;6.409745110951947655e-02;7.146684062864362696e-02;4.057285383949573582e-02;2.572203275881433382e-01;-1.747699983134408663e-01;1.862050914852067807e-01
1.216773173550454445e-01;1.748692281148427341e-01;-2.330207620774036106e-02;1.753109946766641947e-01;-1.728359718008288248e-01;1.108098465237072373e-02;-5.674639452172529352e-02;2.667205364617676513e-03;2.446504183062812587e-01;-1.777094212535912654e-01
1.076566809877587023e-02;-1.072671405332097788e-01;7.982438264050583168e-03;-1.196372456844637527e-01;1.818110054215923976e-02;-2.813859995772993033e-02;4.532117437450045028e-02;2.736191211365239240e-01;1.828529751137501769e-01;8.637000090542021336e-02
-5.739302457494400295e-02;9.464893012823430429e-02;-1.298542052645332290e-01;1.395578260989772668e-01;4.549033395553991194e-02;1.768630834132887963e-02;6.584165014959002249e-02;2.427587938350084240e-01;1.848111646105588257e-01;-4.305355789675738981e-02
9.856953142239367749e-02;3.196437351622458123e-01;2.746600691684386586e-01;-1.684249675419514924e-01;-2.767446652517731032e-01;-2.771142455711086972e-01;1.022466148764138300e-01;1.445149852740381519e-02;-1.240261801313067569e-01;1.551861689866331495e-01
-1.693454916471499316e-01;-2.001657799507071123e-01;-2.361714617087716794e-01;-1.448557190995426736e-01;-8.046036162725594965e-02;-1.255567743780166556e-01;-8.062032481664793693e-02;-1.303577773747496837e-01;-1.431960444023539225e-01;5.341372824364003929e-02
-2.018630455307808824e-01;-1.167826445612070163e-01;-5.945870966362282184e-02;-2.603540498561203176e-01;-1.476001353325624987e-01;9.829343424722152001e-02;-1.140077596082022804e-01;-2.105901248989382885e-02;1.632257510309672033e-01;-1.659033410605678382e-01
-1.923744250558287183e-01;-4.787970207981620541e-02;-7.881075829848063763e-02;1.626776925471307145e-01;4.678109725308806505e-02;-4.414658582148144883e-01;-3.763950210217237996e-02;-2.549790573021935014e-01;-3.042410048752544061e-01;7.705272452005100525e-02
2.979509992879469937e-02;-3.248097910197919602e-01;-2.732697866782849982e-01;-9.121721271933255770e-02;1.809143296656001987e-01;1.582589659253672010e-01;1.032736633000115589e-01;-2.365325153772538658e-01;5.829381527432199450e-02;-5.450543019019352120e-02
1.502329436675316210e-02;-9.061090880429330252e-02;-3.619844096315868315e-02;1.782726196557606890e-01;1.765582483103779465e-01;-2.487630152826443564e-02;1.546193144026634381e-01;-7.102103657212308074e-02;1.222166035820301949e-01;-5.939702685073127569e-02
-1.572221023562308528e-01;-1.792067797765524440e-01;-1.379248925147255056e-01;2.199431481318052939e-01;1.405973962085215190e-01;-4.900944133041763157e-02;6.395209066676738052e-02;4.296990724609386914e-02;6.575226684688506573e-02;-1.765453349983787668e-01
1.334903103128994295e-01;-6.633332880993240976e-02;6.620745186666869564e-02;-8.136644454434766027e-02;-1.843328385488578192e-01;-1.052516107319178412e-01;-3.805784444279851353e-02;-1.184708874034609977e-01;-2.737824258216040585e-01;-1.152625657050513480e-01
7.368816580367176794e-02;-1.157400146463444766e-02;1.134667736938367172e-01;2.841227246852885968e-01;1.555762260789159690e-01;-1.889411779695526483e-01;-1.736742814165706875e-02;-1.429519134265493097e-01;2.782314929945442494e-01;-2.327063207519556309e-01
1.305842086915367239e-01;-4.250067105311988724e-02;5.089486528205350302e-02;-1.736547110014381723e-01;1.952467682263318849e-02;-3.255768000800331463e-01;-1.213338069508078515e-01;2.369367160984802712e-01;1.901676302052506679e-02;1.135115999912087864e-01
